179 274
179 275
179 275
178 275
178 275
178 275
178 275
178 275
178 276
179 278
180 280
182 285
183 287
183 288
184 290
186 293
187 296
188 299
189 301
189 305
191 309
191 311
192 313
193 315
193 318
194 320
194 322
195 325
195 327
195 329
195 331
196 334
197 336
198 338
198 340
199 342
199 344
200 346
200 349
201 351
202 353
202 355
203 358
203 360
204 363
205 365
206 369
207 372
208 374
209 378
209 379
210 382
211 384
212 387
212 391
213 393
213 396
214 398
215 401
216 403
217 405
218 408
219 410
220 412
221 414
221 416
222 418
223 420
223 422
224 425
225 428
227 431
228 433
229 436
229 438
229 441
230 444
230 447
230 449
231 452
231 454
231 455
232 457
232 460
232 461
233 464
234 466
235 469
236 472
237 475
238 477
238 478
239 479
239 481
240 484
241 487
241 489
242 491
242 495
243 497
244 498
244 499
245 501
246 503
247 506
248 509
248 510
249 513
250 516
251 519
252 522
253 523
253 526
254 531
255 534
255 536
256 538
257 540
257 541
258 544
259 547
259 549
259 551
260 553
261 555
261 557
262 559
263 560
264 563
264 565
265 566
265 568
266 570
267 573
267 574
268 576
268 577
269 579
269 580
269 581
270 583
271 586
272 587
272 589
273 590
273 590
273 591
274 592
274 593
274 594
274 594
274 594
275 594
276 593
277 593
278 591
279 591
279 590
281 590
282 588
283 587
284 585
286 584
287 581
289 579
290 577
291 577
292 576
293 575
294 574
296 572
299 571
301 570
303 570
306 569
309 568
313 568
314 568
315 568
316 568
317 568
318 568
320 568
321 568
322 568
323 568
324 570
325 570
328 572
329 573
331 574
333 574
335 574
339 575
340 576
343 577
346 578
347 579
348 579
349 579
350 579
351 578
352 576
353 572
354 571
355 569
356 568
357 567
359 565
361 565
363 564
364 564
366 563
368 562
371 562
373 562
375 562
377 561
379 561
380 560
382 558
383 556
384 555
386 553
388 552
390 550
392 548
393 546
395 545
396 544
398 543
400 543
402 543
404 543
407 544
410 549
410 552
411 554
412 557
413 558
415 559
418 560
421 560
423 560
425 560
427 559
429 558
431 557
434 556
436 554
438 553
439 551
440 549
441 545
442 542
443 540
444 537
444 533
444 527
443 522
442 519
441 516
438 512
434 508
432 505
428 501
427 500
425 497
423 495
421 493
418 491
416 489
413 487
410 485
407 482
405 481
403 479
401 478
399 477
398 476
396 475
394 473
392 472
390 472
388 471
386 470
384 470
381 468
379 466
378 463
377 459
377 456
376 454
376 453
376 451
377 449
378 447
379 444
380 442
381 439
381 437
381 435
381 433
381 429
381 427
381 425
380 423
378 421
376 419
375 418
374 416
372 415
371 414
370 414
368 413
367 413
364 412
362 411
360 410
359 410
358 409
356 407
354 406
351 404
348 402
347 401
345 399
344 398
343 395
342 394
341 391
340 388
340 387
340 386
339 384
338 381
338 378
337 375
337 372
337 370
336 368
336 365
337 363
338 362
339 359
341 358
344 357
346 356
348 356
350 356
351 356
354 356
356 356
356 356
358 355
359 354
360 352
361 350
362 348
362 347
362 346
362 344
361 342
360 340
359 339
358 337
358 336
357 334
357 332
357 329
357 325
358 322
360 318
361 316
362 314
364 312
365 310
367 309
368 308
370 307
371 307
373 306
374 306
374 306
375 306
376 306
377 306
378 307
379 308
380 309
382 310
383 310
385 311
388 311
390 312
392 312
395 312
397 311
399 310
402 309
404 307
406 305
408 303
410 302
412 300
413 300
415 299
417 299
419 299
421 299
422 299
424 299
426 299
428 299
431 299
433 299
434 299
436 299
440 299
442 299
446 299
450 298
453 297
458 295
460 294
463 291
465 289
466 287
467 285
467 284
468 282
468 279
469 277
469 272
469 269
469 267
469 263
469 260
468 256
467 255
467 253
466 251
465 247
464 245
463 242
462 240
461 237
461 236
460 235
459 234
458 233
457 232
455 230
454 228
453 227
452 226
451 225
450 224
448 224
447 223
446 223
445 222
444 222
443 222
442 222
441 221
440 221
439 221
438 220
436 219
434 218
433 218
432 217
431 217
429 216
428 216
426 215
424 215
423 214
422 213
421 212
419 211
418 210
417 209
415 208
414 207
413 206
411 205
410 204
410 204
409 203
408 203
407 202
406 201
404 200
403 200
401 199
400 198
399 198
398 198
396 197
395 196
394 196
391 194
389 194
387 193
386 193
385 192
384 192
382 191
381 191
380 191
379 190
377 189
373 187
371 187
369 186
367 185
365 185
363 184
361 184
359 184
357 183
355 183
353 182
351 181
349 180
348 180
346 179
345 179
343 178
342 178
340 177
338 177
336 176
333 176
332 175
330 175
328 174
327 173
326 172
324 172
323 172
321 171
320 171
319 170
317 170
315 170
314 169
311 169
310 169
310 169
309 168
308 168
305 168
303 168
302 168
299 167
296 167
292 167
290 167
289 167
289 167
287 167
285 167
281 167
280 167
279 167
278 166
276 166
275 166
273 166
272 165
270 165
268 165
267 164
265 164
262 164
260 164
257 164
255 163
253 163
252 163
250 163
249 163
247 162
245 162
243 162
241 162
239 162
237 162
235 162
233 162
232 162
230 162
229 162
225 162
221 162
218 162
217 162
215 162
213 162
212 162
210 162
208 162
207 162
206 162
205 162
205 162
204 162
204 162
203 163
202 164
200 165
199 165
198 167
198 167
196 170
196 172
195 174
194 176
193 178
193 180
192 182
191 184
191 185
190 186
189 188
189 190
188 192
187 195
187 198
187 199
186 201
186 204
186 208
186 213
186 216
186 220
186 223
187 227
188 231
190 235
191 238
191 240
192 242
192 243
192 245
192 245
192 246
192 249
192 251
192 253
191 255
191 257
190 259
188 261
187 262
186 264
185 265
184 266
182 267
181 268
180 269
179 270
178 270
178 270
178 271
177 272
177 272
177 273
177 275
177 277
178 280
179 283
181 284
182 285
183 285
184 285
185 286
185 286
185 287
186 287
186 287